$ 1 1 0.44816890703380646 35 5 43 5e-11
r 176 -16 176 -144 0 0.1
v 176 32 176 -16 0 0 40 7.4 0 0 0.5
213 -256 -240 -224 -240 0 0 pwl(mod(t,5400),\s0,0.81,\s3600,0.81,\s3600,0,\s5400,0)
r -48 -240 16 -240 0 0.1
r 80 -352 176 -352 0 27.38
w 80 -240 176 -240 0
w 176 -240 176 -144 0
w 288 -240 288 -144 0
r 288 -144 288 -48 0 55
w 288 -48 288 64 0
g 288 64 288 112 0 0
g 176 80 176 240 0 0
g 176 -352 208 -352 0 0
d 16 -240 80 -240 2 default
w -160 -240 -48 -240 0
g -160 -208 -128 -208 0 0
w 16 -240 16 -304 0
w 16 -304 80 -304 0
w 80 -304 80 -352 0
g 656 -192 688 -192 0 0
g 560 -192 528 -192 0 0
212 560 -224 800 -224 0 2 pwl(mod(t,5400),\s\s\s\s\s0,\s\s\s\s\s0,\s\s\s\s\s2000,\s\s0,\s\s\s\s\s2000,\s\s0.676,\s\s\s\s\s2300,\s\s0.676,\s\s\s\s\s2300,\s\s0,\s\s\s\s\s5400,\s\s0)*(a-b)
f 656 -224 752 -224 32 2 1
w 176 -240 288 -240 0
g 752 -208 752 -64 0 0
r 752 -240 976 -240 0 13.69
w 48 -144 48 288 0
w 48 288 496 288 0
w 496 288 496 -224 0
w 176 -16 48 -144 0
w 176 80 176 32 0
w 496 -224 496 -320 0
w 496 -320 976 -320 0
w 976 -320 976 -240 0
w 560 -224 496 -224 0
o 1 512 0 4099 10 0.8 0 2 1 3
